_________________________________
             MODEL 1:            
   - MEAN:     [9.6038006329385581, 29.810917641842405]
   - VARIANCE: [28.485482649974088, 8.0199425016712809]
   - WEIGHTS:  [0.63048140099494165, 0.36951859900505862]
_________________________________
             MODEL2:            
   - MEAN:     [-25.145347832822488, -5.0153082530238704, 49.624581495710963]
   - VARIANCE: [6.2848811493969841, 24.282390728020587, 107.56850441387323]
   - WEIGHTS:  [0.19022791512231627, 0.50127785117530022, 0.30849423370238355]

